3.661917632021942648e-01
-2.551904892137989156e-02
3.431872354897244626e-01
4.180731522356488927e-01
-1.915124836705972000e-01
6.572601567685534274e-01
3.640715567238089756e-01
4.104708584377127489e-01
4.705481948429977024e-01
3.406537426853167294e-01
5.577492505603394157e-01
1.390450178361217759e+00
1.134382452697648702e+00
3.648630919734614508e-01
1.146599940192233769e+00
9.307168506105528705e-01
1.402162485441396766e+00
8.041757228857061568e-01
1.383143691563625488e+00
7.993493739032193623e-01
1.239175088436898386e+00
8.369467536979307010e-01
6.007032184760846549e-01
5.579434690472133695e-01
2.018066262164812663e-01
6.136875165596794579e-02
5.801546099812420199e-01
5.220424553087377184e-02
7.440911315776996826e-01
-5.064812800318071462e-01
1.296747394294132105e-01
7.128747738212569407e-02
1.301132912306149358e-02
-8.028658748109076537e-01
-9.606955259928507962e-01
-6.190369220231122238e-01
-7.905644502687225739e-01
-1.293032381128693231e+00
-9.389312306794730389e-01
-1.405687646038210392e+00
-7.986457783900672291e-01
-7.828274483897623703e-01
-1.517401200372625825e+00
-1.025438246974232248e+00
-1.184786780909290682e+00
-8.175532402937332188e-01
-1.109141449127750478e+00
-1.352134613524977880e+00
-5.578541026273249326e-01
-1.101006416541604471e+00
-5.569904454074386946e-01
-4.057781434059687387e-01
-4.476234806131427768e-01
5.457382803733290544e-02
-6.437477603160954853e-01
3.405673721525169229e-01
-3.219048844223532657e-01
-2.844291838649157800e-01
-5.199963939225955567e-01
2.857780522364423703e-01
2.152624748303678115e-01
2.712672115860448319e-01
2.772821672110128977e-02
4.800266523853472522e-01
-1.347835528588841036e-01
-4.576593501388559471e-02
6.279750517378174246e-01
7.883746754927406508e-01
4.970423407361008739e-01
7.624143169965730271e-01
8.769024564341850736e-01
3.358671146582499212e-01
5.150577363867946401e-01
1.147863980551974583e+00
8.304130929303574771e-01
4.111885850774928963e-01
1.027603141811503473e+00
5.731964993820959364e-01
4.332103653198742244e-01
6.389848410009384416e-01
1.508937858152662237e+00
4.312650104750592739e-01
5.600978708984258869e-01
4.364636434515395402e-01
2.747703689679015238e-01
5.258713577832491159e-01
8.544060193481867183e-02
8.891129810551429147e-01
6.610127489676363710e-02
2.751724417704817793e-01
1.342610056061298296e-02
1.178594333166197716e-01
-6.754285875520915639e-01
9.596447288791537522e-02
-9.435074007515364958e-02
-7.545255191297235431e-01
-9.984726240095785910e-01
-1.430463565585842645e+00
-6.289710851509541234e-01
-7.331998499860099550e-01
-3.741864087400902372e-01
-9.394132931574407097e-01
-1.222430832247042742e+00
-7.999773163005459153e-01
-1.139774188668907673e+00
-6.360610674479343363e-01
-4.835310171067020990e-01
-1.582539847724812265e+00
-6.611236386344192528e-01
-8.201327741177327768e-01
-1.581747458005393847e+00
-1.036940984009391942e+00
-1.496116612838583881e-01
-2.492397192011611695e-01
-1.553125166116164912e-03
-7.805284941207318861e-02
3.606012099244326752e-03
-1.813515814512689506e-01
4.184843335922498464e-01
-1.229034672314377463e-01
3.278883290633919506e-02
4.131530678648446808e-01
3.489452039119623761e-01
4.137665009991735587e-01
7.663533989892850062e-01
-3.388037147423487161e-01
6.310209118575741405e-01
1.110164301345800464e+00
1.450386775170837694e+00
1.271096297434084033e+00
7.307434151718917859e-01
9.617314060201509474e-02
4.579466957173029540e-01
5.188586997863881001e-01
1.454583042640825941e+00
1.257501266286045194e+00
1.452306428608535871e+00
1.415282242330575979e+00
1.803722861787466769e+00
3.605221318656472995e-01
2.108268973660691881e-01
7.196884049062295396e-01
7.275348023715015877e-01
5.126339215510773428e-01
8.255578871293725030e-01
4.456780123199429733e-01
2.968353010227169908e-01
3.657041907093743216e-01
-1.274088638839992460e-01
1.843943357336055161e-02
-1.144165696844201829e-01
-2.425725157576069657e-01
-1.178307025900338367e-01
-6.420892983985959646e-03
-5.776622516259861673e-01
-4.815481621060875850e-01
-6.099941724219526407e-01
-7.774311761487233685e-01
-9.263319379189867142e-01
-1.156340551641610981e+00
-7.919023293690505838e-01
-1.024784049718571177e+00
-1.247323356280137130e+00
-2.212246404247963927e+00
-8.266365972215106162e-01
-1.287962027527775666e+00
-5.460997700579959258e-01
-9.704537833356052801e-01
-6.215610329929603939e-01
-6.160259837191743859e-01
-1.164984105410655779e+00
-6.460933805064565938e-01
-4.409457622317965453e-01
-5.966082633824346670e-01
-6.780082586218512120e-01
-9.121020379231608022e-01
-6.781923024224558727e-01
-5.631169908368157673e-01
1.097879791854652065e-01
-1.384086714083079539e-01
1.282931175318618444e-01
3.184410754188503612e-01
-3.952800870078170825e-01
6.400032446115907492e-01
1.659355131902860436e-01
1.666452935468164531e-01
4.371111819296229495e-01
6.170340836088282765e-01
3.556839844103963921e-01
6.680393381353717519e-01
1.279692884725571744e+00
1.294366915356815362e+00
2.428592625848080999e+00
5.803833443570981521e-01
1.029540507681725892e+00
5.311890403891112999e-01
1.392767756769703880e+00
8.980804049736224037e-01
5.625522438899898114e-01
7.213383689822145950e-01
5.202728537850842550e-01
1.104602270899878391e+00
2.842727726384794429e-01
8.433138391995099736e-01
8.440696987348567104e-01
2.500217533834101502e-01
5.384749418030468915e-01
-8.362514568232898293e-01
-7.053955547653816271e-01
5.968302777330726228e-01
-1.380845497643380659e-01
-9.783111465360143366e-02
-3.067714509029819681e-01
-6.368792609649649439e-01
-5.000809823877593319e-01
1.864911466439780341e-01
-1.057051538234451638e+00
-8.861905342685685305e-01
-6.907644126158404285e-01
-5.897690580092898038e-01
-1.014724493193775556e+00
-1.164376032120903570e+00
-9.017767441265378547e-01
-5.337496620605581832e-01
-1.222709456432260477e+00
-6.399824518575475407e-01
-1.140722036755352997e+00
-1.206944841763129439e+00
-1.217434767947710661e+00
-5.072706743703329080e-01
-6.593792904787122433e-01
-5.713726780225847346e-01
-1.253875917002251095e+00
-6.017856671297452387e-01
-1.406566939050245768e+00
-3.756154641830519170e-01
-8.824411087345569449e-01
-3.444350319346621836e-01
-5.514366719969583663e-02
-9.730504124906223795e-02
6.121753602851798259e-01
1.825713340852873623e-01
2.619603271241052189e-01
6.686476557771134921e-01
8.197757296726794207e-01
9.770648518700578711e-01
5.195455249092076899e-01
6.511915697111214651e-01
8.585508166094419913e-01
1.440816407662015353e+00
1.009397508121885334e+00
1.382336774706695026e-01
1.292264017161654843e+00
9.362107622619808556e-01
1.202107566948264816e+00
1.365306727516812924e+00
4.737451949744980739e-01
1.431319049585457304e+00
7.565741491779529593e-01
6.557957865567778377e-01
1.064436268211731651e+00
3.348625121516077829e-01
8.570900330411732604e-01
1.669402293168898987e-01
7.708026263943772438e-01
1.076681236108839590e-01
-5.550609066636269517e-02
-2.691257881946129693e-02
1.928246039200673667e-01
5.674297162083280499e-01
1.644853738227495532e-01
-8.552811585152131357e-01
-3.439628554250172554e-01
1.200346951700487774e-01
-7.059408532419625404e-01
-6.720802023737305619e-01
4.310384928571875385e-02
-6.586408176613436360e-01
-5.154192065967384551e-01
-7.599149652400050137e-01
-4.968086435504679432e-01
-1.112838575378781281e+00
-1.355632931247984452e+00
-1.433722784975258069e+00
-1.188169837340462331e+00
-1.100115610380020703e+00
-1.272732157884426174e+00
-7.652415084368772158e-01
-6.766277641449723879e-01
-1.106395221481024427e+00
-1.397348183091686735e+00
-2.040058032542888533e-01
-7.077281062718598914e-01
-1.075547478438229509e+00
-1.323900153055624029e+00
-2.987847663911763485e-01
-9.454254843845719680e-01
-4.561963007295757322e-01
-1.950386302633345392e-01
-6.397513746021112890e-01
